0 3
0 4
0 5
0 6
0 13
0 17
0 19
0 36
1 3
1 4
1 11
1 12
1 24
1 27
1 38
1 53
2 3
2 5
2 18
2 20
2 38
2 96
3 4
3 5
3 6
3 7
3 10
3 12
3 13
3 15
3 16
3 19
3 21
3 22
3 25
3 26
3 28
3 29
3 33
3 41
3 46
3 48
3 52
3 56
3 57
3 58
3 78
3 79
3 81
3 93
3 94
3 95
3 98
4 8
4 11
4 14
4 25
4 33
4 61
4 77
4 82
4 84
5 6
5 7
5 8
5 9
5 14
5 24
5 34
5 35
5 39
5 53
5 71
5 85
5 89
6 7
6 8
6 9
6 17
6 20
6 30
6 44
6 49
6 53
6 55
6 61
6 62
6 63
6 66
6 75
6 78
6 99
7 18
7 51
7 65
7 88
8 9
8 10
8 14
8 15
8 16
8 29
8 31
8 34
8 36
8 42
8 52
8 59
8 60
8 64
8 69
8 74
8 87
8 96
8 99
9 10
9 21
9 25
9 26
9 36
9 43
9 64
10 11
10 12
10 13
10 15
10 18
10 19
10 23
10 30
10 31
10 48
10 81
11 17
11 32
11 37
11 43
11 46
11 49
11 83
11 84
11 92
12 16
12 22
12 23
12 27
12 37
12 47
12 54
12 57
12 62
12 80
13 48
13 56
13 57
13 63
13 87
14 20
14 23
14 26
14 31
14 43
14 49
14 50
14 51
14 58
14 61
15 29
15 55
15 71
15 76
15 77
16 24
17 28
17 34
17 42
17 45
17 54
17 66
18 74
19 22
19 50
19 59
19 80
20 21
20 30
20 32
20 40
20 44
20 85
20 90
20 95
21 27
21 52
21 80
21 86
21 90
22 33
22 44
22 89
23 39
23 45
23 54
25 35
25 47
25 83
25 90
26 38
26 70
27 28
27 35
28 42
28 60
28 76
29 32
29 55
29 56
29 67
29 73
29 86
29 94
30 37
30 68
30 83
30 92
31 40
32 65
32 87
32 97
33 47
33 64
34 41
34 68
35 40
35 41
37 46
37 73
37 75
37 79
37 93
38 39
38 45
38 72
38 93
39 97
40 67
41 50
41 58
41 71
42 66
43 59
43 60
45 63
45 68
45 72
46 77
46 82
47 51
48 69
48 72
49 73
49 91
50 98
51 65
53 62
53 70
53 91
54 75
54 86
55 78
56 95
57 84
58 98
59 85
60 91
62 88
63 69
63 70
63 88
63 96
64 74
66 67
70 79
70 97
71 89
74 76
76 92
77 81
77 82
83 94
85 99