46 32
7 5
55 57
31 9
45 7
34 32
31 55
32 57
32 43
23 51
55 46
55 17
31 21
25 50
17 50
46 30
47 55
31 24
47 9
4 45
33 46
26 32
32 4
9 24
2 31
31 26
35 9
32 50
53 31
48 43
4 31
45 32
47 32
46 17
46 24
17 9
17 51
23 2
48 25
32 49
32 24
32 10
9 32
41 32
48 32
10 31
3 31
9 45
23 49
23 50
31 17
46 9
46 14
23 31
44 22
46 12
23 53
35 4
31 48
45 31
35 32
32 33
17 32
31 16
31 33
35 31
12 31
46 26
7 46
46 45
4 46
33 47
25 47
47 30
32 2
7 32
12 45
45 8
45 21
45 17
26 45
33 45
45 24
43 46
10 17
46 10
46 29
25 10
25 4
26 24
24 5
24 42
31 5
32 55
18 32
32 28
32 21
25 49
44 9
44 42
44 26
9 25
25 45
25 57
25 24
17 33
17 24
23 24
23 10
23 48
32 23
23 25
23 17
44 23
46 31
46 35
2 46
46 23
46 25
46 3
46 44
7 47
43 47
44 32
43 26
10 45
49 45
23 45
44 45
34 35
35 23
30 32
32 25
11 24
11 53
11 48
46 11
51 11
24 35
25 35
31 22
31 47
17 26
46 8
33 25
11 30
11 43
13 23
5 32
43 45
10 35
5 25
18 11
50 31
18 31
25 44
23 9
12 32
4 17
18 17
23 42
26 25
23 11
10 11
49 46
55 25
23 26
23 33
23 7
6 46
16 24
35 40
11 29
25 31
30 31
46 40
31 43
45 35
24 3
11 26
32 31
47 45
24 33
51 46
46 48
11 33
48 45
9 4
4 23
35 28
32 51
43 24
40 45
25 22