0 67
0 82
0 40
0 58
0 99
1 7
1 45
1 63
1 50
2 39
2 18
2 16
2 92
2 93
2 10
3 57
3 32
3 10
3 98
3 86
4 29
4 34
4 9
4 30
4 96
4 70
5 60
5 24
5 81
5 6
5 97
5 84
6 34
6 82
6 92
6 77
6 53
6 83
6 12
7 58
7 55
7 10
7 17
7 78
7 72
7 92
8 18
8 24
8 67
8 55
8 64
8 36
8 96
8 85
8 28
8 95
8 35
8 80
9 47
9 25
9 89
9 37
9 98
9 12
10 63
10 85
10 56
10 40
11 35
11 32
11 55
12 70
12 47
12 98
12 79
13 28
13 64
13 56
13 92
14 82
14 27
14 48
14 70
14 77
14 73
15 25
15 91
15 68
15 98
16 54
16 68
16 87
16 78
16 44
16 29
16 51
17 93
17 91
17 36
18 82
18 84
18 32
18 45
19 65
19 35
20 80
21 29
21 77
21 94
21 96
21 73
22 25
22 93
22 60
22 39
22 30
22 35
23 64
23 83
24 56
24 32
24 66
25 88
25 75
25 69
25 87
25 42
25 67
25 95
26 60
26 89
26 96
26 66
26 72
27 71
27 60
27 94
27 87
28 61
29 95
29 85
29 78
29 82
29 70
29 62
29 83
30 91
30 38
31 99
31 36
31 55
31 47
31 97
32 82
32 48
32 65
32 34
32 68
32 91
32 71
33 55
33 61
33 46
33 41
33 98
34 58
34 72
34 55
34 67
34 62
35 94
35 45
35 89
35 37
37 41
37 79
37 98
37 54
37 95
37 80
38 63
38 59
38 51
38 81
38 69
39 82
39 54
39 47
41 60
41 65
42 69
42 97
43 64
43 78
44 59
44 58
45 61
45 63
45 73
45 80
46 97
46 66
47 87
47 93
47 60
47 84
47 50
47 66
48 70
48 82
48 81
48 54
49 68
49 87
49 74
50 84
50 98
50 55
50 56
50 63
51 68
51 72
51 86
51 97
52 91
52 80
52 66
52 67
52 64
53 97
53 57
54 83
54 59
54 88
55 75
55 61
56 85
56 78
56 95
57 64
57 77
57 61
58 85
59 84
59 96
59 67
60 72
60 88
60 85
60 83
61 67
61 81
61 99
62 99
62 91
62 85
63 93
63 66
64 88
64 96
66 88
66 80
66 67
66 73
67 70
68 83
68 88
68 69
68 74
68 75
69 84
69 88
69 76
69 89
69 99
70 86
72 91
73 85
73 84
74 88
75 93
76 88
76 86
76 77
77 91
77 85
78 85
78 87
79 97
80 82
81 83
82 89
82 84
82 88
84 99
84 93
85 99
90 97
92 93
95 97