0 22
0 69
0 80
0 85
1 11
1 21
1 23
1 42
1 47
1 73
1 79
2 4
2 5
2 18
2 32
2 92
3 45
3 52
3 64
5 18
5 28
5 38
5 44
5 92
6 17
6 34
6 52
6 60
6 74
6 81
6 83
6 90
7 14
7 16
7 26
7 27
7 31
7 33
7 46
7 48
7 49
7 59
7 67
7 88
7 89
7 96
7 99
8 53
8 70
9 41
9 70
10 22
10 29
10 36
10 37
10 46
10 50
10 59
10 77
10 80
10 84
10 85
10 86
11 40
11 79
12 25
12 68
12 74
12 90
13 40
13 79
14 27
14 46
14 48
14 67
14 89
14 96
15 21
15 39
15 54
15 93
16 46
16 48
16 67
16 96
16 99
17 20
17 34
17 45
17 52
17 54
17 60
17 64
17 74
17 81
17 83
18 28
18 30
18 38
18 44
18 62
18 63
18 72
18 92
19 49
20 74
21 23
21 47
21 54
21 73
21 93
22 26
22 29
22 36
22 37
22 46
22 48
22 69
22 80
22 84
22 85
23 42
23 47
23 73
23 79
24 55
25 68
25 90
26 27
26 46
26 48
26 89
26 96
27 46
27 48
27 59
27 84
27 89
27 96
28 44
28 62
28 92
28 98
29 36
29 37
29 80
29 85
30 38
30 44
30 62
30 75
31 33
31 46
31 48
31 59
31 67
31 84
31 96
32 33
32 49
33 46
33 49
33 71
33 96
33 99
34 52
34 74
34 81
35 53
35 66
35 94
36 37
36 46
36 50
36 59
36 77
36 80
36 84
36 85
36 86
37 50
37 85
37 86
38 44
38 63
38 72
38 92
39 93
40 51
40 61
40 78
40 79
40 87
40 95
41 43
41 66
41 70
41 94
42 73
42 79
43 94
44 62
44 92
44 98
45 52
45 54
45 64
46 48
46 49
46 59
46 67
46 71
46 77
46 80
46 84
46 85
46 89
46 96
46 99
47 54
47 73
48 59
48 67
48 84
48 85
48 89
48 96
49 52
49 67
49 88
49 96
49 99
50 86
51 78
51 79
51 95
52 54
52 64
52 74
52 81
52 88
53 57
53 66
53 94
54 64
54 93
55 70
56 63
56 82
56 87
57 65
58 86
59 77
59 84
59 96
60 74
60 81
60 83
60 90
61 87
61 95
62 65
62 75
62 98
63 72
63 76
63 82
63 87
65 75
66 94
67 88
67 89
67 96
67 99
68 74
68 90
69 80
69 85
71 96
73 79
74 81
74 83
74 90
75 76
75 82
75 97
76 82
76 97
77 84
78 79
80 85
81 83
82 87
82 91
82 97
83 90
84 85
84 96
87 91
88 96
88 99
89 96
96 99