0 91
0 30
0 32
0 60
0 6
0 7
0 12
0 85
1 29
1 47
1 40
1 16
1 58
2 62
2 4
2 57
2 8
2 9
2 19
3 62
3 9
3 3
3 4
3 22
3 96
4 96
4 8
4 9
4 57
4 30
5 36
5 23
5 28
5 47
5 16
6 17
6 74
6 70
6 25
6 53
6 7
6 12
6 91
6 40
7 70
7 10
7 30
7 60
7 7
7 90
7 12
7 25
7 85
7 32
7 17
7 82
7 88
8 62
9 22
9 57
10 74
10 17
10 90
10 87
10 12
10 91
11 33
11 78
11 48
11 93
11 49
11 52
12 85
12 12
12 32
12 90
12 91
12 70
12 30
12 74
12 81
12 63
13 51
13 13
13 19
13 38
13 75
14 78
14 94
14 31
14 52
15 19
15 36
15 69
16 16
16 29
16 47
16 82
16 23
16 36
16 21
16 20
16 40
16 69
16 58
16 90
16 28
16 73
17 48
17 81
17 91
18 72
18 54
18 97
18 92
18 53
18 73
19 39
19 27
19 76
19 34
19 51
19 75
19 41
19 37
19 98
19 89
19 66
19 95
19 44
19 65
19 63
19 35
19 71
19 38
19 84
19 86
19 42
19 67
20 90
20 40
20 20
20 94
21 40
21 69
21 29
21 21
21 47
21 43
21 37
22 59
22 75
23 40
23 47
23 52
24 73
24 92
24 54
24 99
25 91
25 60
26 29
26 77
26 54
26 45
26 55
27 98
27 65
28 69
28 29
29 36
29 69
29 82
29 40
30 70
30 90
30 91
31 33
31 80
31 49
31 52
31 94
32 91
33 61
33 52
33 93
33 39
33 80
33 50
34 51
34 34
35 56
35 37
36 43
36 58
37 51
37 65
38 66
38 63
38 71
38 84
38 56
38 86
38 53
38 96
38 41
38 76
39 42
39 44
39 75
40 43
41 56
41 84
41 59
41 42
41 75
42 84
42 79
42 75
42 76
43 69
43 47
44 66
44 63
44 99
45 83
45 46
45 87
45 47
45 97
46 68
46 73
47 58
47 94
48 50
48 78
48 52
49 50
49 94
49 52
51 53
51 82
52 52
52 80
52 93
52 78
52 61
52 57
53 75
53 86
53 95
54 99
55 58
55 88
55 68
55 64
57 62
57 59
57 97
58 69
59 96
60 74
60 91
61 78
64 98
64 68
67 69
67 97
67 83
68 72
68 77
69 82
70 88
70 91
71 71
72 97
72 88
73 83
75 76
75 89
77 91
77 77
77 97
77 99
79 92
79 87
80 80
81 91
81 85
83 85
83 97
83 99
85 91
88 88
88 92
89 95
90 91
93 93
97 99
98 98