0 3
0 6
0 7
0 8
0 9
0 11
0 12
0 16
0 20
0 27
0 29
0 31
0 34
0 38
0 53
0 64
0 80
0 89
0 91
0 92
0 93
0 98
0 99
1 3
1 4
1 9
1 10
1 14
1 15
1 19
1 20
1 21
1 25
1 27
1 36
1 43
1 45
1 53
1 56
1 60
1 65
1 66
1 70
1 71
1 84
2 3
2 4
2 5
2 13
2 17
2 23
2 26
2 28
2 32
2 35
2 37
2 44
2 46
2 47
2 51
2 62
2 90
3 4
3 5
3 7
3 14
3 16
3 20
3 25
3 33
3 39
3 44
3 48
3 55
3 58
3 64
3 69
3 70
3 72
3 85
3 87
4 5
4 6
4 10
4 13
4 14
4 19
4 25
4 28
4 33
4 34
4 36
4 63
4 75
4 77
4 79
4 81
4 96
5 6
5 19
5 28
5 31
5 36
5 38
5 44
5 56
5 75
6 7
6 8
6 9
6 18
6 42
6 80
6 82
6 94
7 8
7 11
7 23
7 54
7 78
8 11
8 12
8 13
8 24
8 30
8 38
8 39
8 41
8 43
8 50
8 67
8 78
8 88
8 95
8 96
9 10
9 12
9 15
9 18
9 21
9 23
9 27
9 32
9 42
9 45
9 55
9 57
9 64
9 67
9 69
9 71
9 74
9 89
9 92
10 15
10 18
10 22
10 54
10 86
11 24
11 99
12 16
12 17
12 21
12 96
13 30
13 31
13 51
13 54
13 86
16 17
16 35
16 39
16 46
16 49
16 55
16 57
16 59
16 60
16 61
16 68
16 70
16 72
16 73
16 76
16 77
16 79
16 98
17 35
17 46
17 63
17 69
17 72
17 73
17 90
18 22
18 24
18 29
18 42
18 45
18 49
18 82
19 33
19 40
19 52
19 80
19 97
20 91
21 22
21 26
21 58
21 59
21 83
24 29
24 30
24 37
24 51
25 26
25 34
25 40
25 50
25 85
26 84
27 66
28 32
30 58
31 48
31 86
32 47
32 62
33 40
33 65
34 37
34 41
34 47
34 53
34 59
34 68
34 76
34 81
34 85
35 77
35 90
36 63
37 68
38 88
38 99
39 41
39 43
39 56
39 79
39 88
40 50
40 52
40 57
40 65
40 74
40 83
41 60
41 95
42 74
44 48
44 98
45 66
45 67
46 49
46 87
47 62
47 76
49 61
49 87
50 52
50 78
53 93
60 61
60 94
60 95
61 75
64 71
64 82
64 92
65 84
68 73
68 81
70 97
71 89
78 97
79 83
84 94
89 91
89 93