0 98
0 54
1 41
1 62
1 51
2 89
2 17
2 75
2 87
2 81
2 61
2 28
2 14
2 13
2 45
3 18
4 52
5 73
5 81
5 27
5 82
5 77
5 39
5 59
5 28
5 80
5 94
6 47
6 63
6 90
7 32
7 31
8 69
8 16
8 47
8 12
9 89
9 65
9 43
9 32
9 37
10 23
10 97
11 16
11 39
12 22
12 18
12 36
12 14
12 46
12 47
13 93
13 52
13 45
13 50
13 15
14 39
14 83
14 23
14 49
14 41
14 92
14 28
14 46
14 80
14 29
15 77
15 27
15 81
15 67
15 32
15 43
15 74
15 82
15 50
16 69
16 39
17 35
17 44
17 83
17 82
17 67
17 58
17 64
17 27
17 36
17 98
18 61
18 98
18 31
18 36
19 52
19 44
19 27
19 31
19 55
19 59
19 97
20 30
20 23
20 72
20 40
20 82
21 96
22 47
22 86
22 93
22 27
23 31
23 48
23 49
23 72
23 97
24 60
24 33
24 81
24 36
24 32
24 65
25 91
25 37
25 88
25 42
25 69
26 32
26 53
26 78
26 83
26 51
26 57
27 61
27 36
27 32
27 77
27 31
27 55
27 46
27 51
27 93
28 33
28 31
28 81
28 59
28 63
29 79
29 67
29 59
29 72
29 80
30 45
30 63
30 98
30 59
31 48
31 98
31 81
31 32
32 36
32 53
32 37
32 43
32 65
33 60
33 78
33 42
34 92
34 38
34 70
34 49
35 43
35 37
35 36
35 87
35 45
36 81
36 87
37 88
37 43
38 92
38 95
38 85
38 45
38 74
39 40
39 77
39 65
39 86
39 63
39 58
40 82
40 99
40 74
40 71
40 47
40 96
40 51
40 68
40 67
41 92
42 78
42 69
43 65
44 99
44 68
44 52
45 91
45 85
45 63
45 75
45 67
45 74
46 52
46 54
46 51
47 95
47 63
47 86
47 71
47 88
48 64
48 87
48 84
48 85
48 57
49 59
49 87
49 63
49 70
51 92
51 62
51 57
51 96
52 54
52 93
54 70
54 98
54 95
54 67
54 56
55 67
56 60
56 84
56 70
57 85
58 92
58 64
58 63
59 98
59 72
59 97
60 84
61 90
61 86
61 98
61 92
61 78
61 97
61 81
62 63
62 72
63 87
63 81
63 90
63 72
64 99
64 67
65 86
66 93
66 75
66 76
66 72
66 88
66 89
67 76
67 99
67 82
67 81
67 95
67 75
67 98
67 68
68 99
71 94
72 97
72 88
72 89
73 82
74 99
74 82
75 76
75 87
76 99
78 83
78 97
80 94
80 97
80 86
83 97
84 87
85 87
85 91
85 95
86 97
87 92
88 96
88 95
89 96
92 94
92 98